MSE: 1181.4483071203072
MAE: 22.20172509408365
